28
14
14
14
14
14
14
14
14
14
14
14
14
14
14
14
26
13
13
13
13
13
13
13
13
13
13
13
13
13
13
24
12
12
12
12
12
12
12
12
12
12
12
12
12
22
11
11
11
11
11
11
11
11
11
11
11
11
20
10
10
10
10
10
10
10
10
10
10
10
18
9
9
9
9
9
9
9
9
9
9
16
8
8
8
8
8
8
8
8
8
14
7
7
7
7
7
7
7
7
12
6
6
6
6
6
6
6
10
5
5
5
5
5
5
8
4
4
4
4
4
6
3
3
3
3
4
2
2
2
2
1
1
1
1
252
0 1 12
0 2 12
0 3 12
0 4 12
0 5 12
0 6 12
0 7 12
0 8 12
0 9 12
0 10 12
0 11 12
0 12 12
0 13 12
0 14 12
0 15 12
1 16 8
2 17 8
3 18 8
4 19 8
5 20 8
6 21 8
7 22 8
8 23 8
9 24 8
10 25 8
11 26 8
12 27 8
13 28 8
14 29 8
15 30 8
16 17 12
16 18 12
16 19 12
16 20 12
16 21 12
16 22 12
16 23 12
16 24 12
16 25 12
16 26 12
16 27 12
16 28 12
16 29 12
16 30 12
16 31 12
17 31 8
18 32 8
19 33 8
20 34 8
21 35 8
22 36 8
23 37 8
24 38 8
25 39 8
26 40 8
27 41 8
28 42 8
29 43 8
30 44 8
31 32 12
31 33 12
31 34 12
31 35 12
31 36 12
31 37 12
31 38 12
31 39 12
31 40 12
31 41 12
31 42 12
31 43 12
31 44 12
31 45 12
32 45 8
33 46 8
34 47 8
35 48 8
36 49 8
37 50 8
38 51 8
39 52 8
40 53 8
41 54 8
42 55 8
43 56 8
44 57 8
45 46 12
45 47 12
45 48 12
45 49 12
45 50 12
45 51 12
45 52 12
45 53 12
45 54 12
45 55 12
45 56 12
45 57 12
45 58 12
46 58 8
47 59 8
48 60 8
49 61 8
50 62 8
51 63 8
52 64 8
53 65 8
54 66 8
55 67 8
56 68 8
57 69 8
58 59 12
58 60 12
58 61 12
58 62 12
58 63 12
58 64 12
58 65 12
58 66 12
58 67 12
58 68 12
58 69 12
58 70 12
59 70 8
60 71 8
61 72 8
62 73 8
63 74 8
64 75 8
65 76 8
66 77 8
67 78 8
68 79 8
69 80 8
70 71 12
70 72 12
70 73 12
70 74 12
70 75 12
70 76 12
70 77 12
70 78 12
70 79 12
70 80 12
70 81 12
71 81 8
72 82 8
73 83 8
74 84 8
75 85 8
76 86 8
77 87 8
78 88 8
79 89 8
80 90 8
81 82 12
81 83 12
81 84 12
81 85 12
81 86 12
81 87 12
81 88 12
81 89 12
81 90 12
81 91 12
82 91 8
83 92 8
84 93 8
85 94 8
86 95 8
87 96 8
88 97 8
89 98 8
90 99 8
91 92 12
91 93 12
91 94 12
91 95 12
91 96 12
91 97 12
91 98 12
91 99 12
91 100 12
92 100 8
93 101 8
94 102 8
95 103 8
96 104 8
97 105 8
98 106 8
99 107 8
100 101 12
100 102 12
100 103 12
100 104 12
100 105 12
100 106 12
100 107 12
100 108 12
101 108 8
102 109 8
103 110 8
104 111 8
105 112 8
106 113 8
107 114 8
108 109 12
108 110 12
108 111 12
108 112 12
108 113 12
108 114 12
108 115 12
109 115 8
110 116 8
111 117 8
112 118 8
113 119 8
114 120 8
115 116 12
115 117 12
115 118 12
115 119 12
115 120 12
115 121 12
116 121 8
117 122 8
118 123 8
119 124 8
120 125 8
121 122 12
121 123 12
121 124 12
121 125 12
121 126 12
122 126 8
123 127 8
124 128 8
125 129 8
126 127 12
126 128 12
126 129 12
126 130 12
127 130 8
128 131 8
129 132 8
130 131 12
130 132 12
130 133 12
131 133 8
132 134 8
133 134 12
