12
6
6
6
6
6
6
6
10
5
5
5
5
5
5
8
4
4
4
4
4
6
3
3
3
3
4
2
2
2
2
1
1
1
1
60
0 1 12
0 2 12
0 3 12
0 4 12
0 5 12
0 6 12
0 7 12
1 8 8
2 9 8
3 10 8
4 11 8
5 12 8
6 13 8
7 14 8
8 9 12
8 10 12
8 11 12
8 12 12
8 13 12
8 14 12
8 15 12
9 15 8
10 16 8
11 17 8
12 18 8
13 19 8
14 20 8
15 16 12
15 17 12
15 18 12
15 19 12
15 20 12
15 21 12
16 21 8
17 22 8
18 23 8
19 24 8
20 25 8
21 22 12
21 23 12
21 24 12
21 25 12
21 26 12
22 26 8
23 27 8
24 28 8
25 29 8
26 27 12
26 28 12
26 29 12
26 30 12
27 30 8
28 31 8
29 32 8
30 31 12
30 32 12
30 33 12
31 33 8
32 34 8
33 34 12
