18
9
9
9
9
9
9
9
9
9
9
16
8
8
8
8
8
8
8
8
8
14
7
7
7
7
7
7
7
7
12
6
6
6
6
6
6
6
10
5
5
5
5
5
5
8
4
4
4
4
4
6
3
3
3
3
4
2
2
2
2
1
1
1
1
117
0 1 12
0 2 12
0 3 12
0 4 12
0 5 12
0 6 12
0 7 12
0 8 12
0 9 12
0 10 12
1 11 8
2 12 8
3 13 8
4 14 8
5 15 8
6 16 8
7 17 8
8 18 8
9 19 8
10 20 8
11 12 12
11 13 12
11 14 12
11 15 12
11 16 12
11 17 12
11 18 12
11 19 12
11 20 12
11 21 12
12 21 8
13 22 8
14 23 8
15 24 8
16 25 8
17 26 8
18 27 8
19 28 8
20 29 8
21 22 12
21 23 12
21 24 12
21 25 12
21 26 12
21 27 12
21 28 12
21 29 12
21 30 12
22 30 8
23 31 8
24 32 8
25 33 8
26 34 8
27 35 8
28 36 8
29 37 8
30 31 12
30 32 12
30 33 12
30 34 12
30 35 12
30 36 12
30 37 12
30 38 12
31 38 8
32 39 8
33 40 8
34 41 8
35 42 8
36 43 8
37 44 8
38 39 12
38 40 12
38 41 12
38 42 12
38 43 12
38 44 12
38 45 12
39 45 8
40 46 8
41 47 8
42 48 8
43 49 8
44 50 8
45 46 12
45 47 12
45 48 12
45 49 12
45 50 12
45 51 12
46 51 8
47 52 8
48 53 8
49 54 8
50 55 8
51 52 12
51 53 12
51 54 12
51 55 12
51 56 12
52 56 8
53 57 8
54 58 8
55 59 8
56 57 12
56 58 12
56 59 12
56 60 12
57 60 8
58 61 8
59 62 8
60 61 12
60 62 12
60 63 12
61 63 8
62 64 8
63 64 12
