38
19
19
19
19
19
19
19
19
19
19
19
19
19
19
19
19
19
19
19
19
36
18
18
18
18
18
18
18
18
18
18
18
18
18
18
18
18
18
18
18
34
17
17
17
17
17
17
17
17
17
17
17
17
17
17
17
17
17
17
32
16
16
16
16
16
16
16
16
16
16
16
16
16
16
16
16
16
30
15
15
15
15
15
15
15
15
15
15
15
15
15
15
15
15
28
14
14
14
14
14
14
14
14
14
14
14
14
14
14
14
26
13
13
13
13
13
13
13
13
13
13
13
13
13
13
24
12
12
12
12
12
12
12
12
12
12
12
12
12
22
11
11
11
11
11
11
11
11
11
11
11
11
20
10
10
10
10
10
10
10
10
10
10
10
18
9
9
9
9
9
9
9
9
9
9
16
8
8
8
8
8
8
8
8
8
14
7
7
7
7
7
7
7
7
12
6
6
6
6
6
6
6
10
5
5
5
5
5
5
8
4
4
4
4
4
6
3
3
3
3
4
2
2
2
2
1
1
1
1
437
0 1 12
0 2 12
0 3 12
0 4 12
0 5 12
0 6 12
0 7 12
0 8 12
0 9 12
0 10 12
0 11 12
0 12 12
0 13 12
0 14 12
0 15 12
0 16 12
0 17 12
0 18 12
0 19 12
0 20 12
1 21 8
2 22 8
3 23 8
4 24 8
5 25 8
6 26 8
7 27 8
8 28 8
9 29 8
10 30 8
11 31 8
12 32 8
13 33 8
14 34 8
15 35 8
16 36 8
17 37 8
18 38 8
19 39 8
20 40 8
21 22 12
21 23 12
21 24 12
21 25 12
21 26 12
21 27 12
21 28 12
21 29 12
21 30 12
21 31 12
21 32 12
21 33 12
21 34 12
21 35 12
21 36 12
21 37 12
21 38 12
21 39 12
21 40 12
21 41 12
22 41 8
23 42 8
24 43 8
25 44 8
26 45 8
27 46 8
28 47 8
29 48 8
30 49 8
31 50 8
32 51 8
33 52 8
34 53 8
35 54 8
36 55 8
37 56 8
38 57 8
39 58 8
40 59 8
41 42 12
41 43 12
41 44 12
41 45 12
41 46 12
41 47 12
41 48 12
41 49 12
41 50 12
41 51 12
41 52 12
41 53 12
41 54 12
41 55 12
41 56 12
41 57 12
41 58 12
41 59 12
41 60 12
42 60 8
43 61 8
44 62 8
45 63 8
46 64 8
47 65 8
48 66 8
49 67 8
50 68 8
51 69 8
52 70 8
53 71 8
54 72 8
55 73 8
56 74 8
57 75 8
58 76 8
59 77 8
60 61 12
60 62 12
60 63 12
60 64 12
60 65 12
60 66 12
60 67 12
60 68 12
60 69 12
60 70 12
60 71 12
60 72 12
60 73 12
60 74 12
60 75 12
60 76 12
60 77 12
60 78 12
61 78 8
62 79 8
63 80 8
64 81 8
65 82 8
66 83 8
67 84 8
68 85 8
69 86 8
70 87 8
71 88 8
72 89 8
73 90 8
74 91 8
75 92 8
76 93 8
77 94 8
78 79 12
78 80 12
78 81 12
78 82 12
78 83 12
78 84 12
78 85 12
78 86 12
78 87 12
78 88 12
78 89 12
78 90 12
78 91 12
78 92 12
78 93 12
78 94 12
78 95 12
79 95 8
80 96 8
81 97 8
82 98 8
83 99 8
84 100 8
85 101 8
86 102 8
87 103 8
88 104 8
89 105 8
90 106 8
91 107 8
92 108 8
93 109 8
94 110 8
95 96 12
95 97 12
95 98 12
95 99 12
95 100 12
95 101 12
95 102 12
95 103 12
95 104 12
95 105 12
95 106 12
95 107 12
95 108 12
95 109 12
95 110 12
95 111 12
96 111 8
97 112 8
98 113 8
99 114 8
100 115 8
101 116 8
102 117 8
103 118 8
104 119 8
105 120 8
106 121 8
107 122 8
108 123 8
109 124 8
110 125 8
111 112 12
111 113 12
111 114 12
111 115 12
111 116 12
111 117 12
111 118 12
111 119 12
111 120 12
111 121 12
111 122 12
111 123 12
111 124 12
111 125 12
111 126 12
112 126 8
113 127 8
114 128 8
115 129 8
116 130 8
117 131 8
118 132 8
119 133 8
120 134 8
121 135 8
122 136 8
123 137 8
124 138 8
125 139 8
126 127 12
126 128 12
126 129 12
126 130 12
126 131 12
126 132 12
126 133 12
126 134 12
126 135 12
126 136 12
126 137 12
126 138 12
126 139 12
126 140 12
127 140 8
128 141 8
129 142 8
130 143 8
131 144 8
132 145 8
133 146 8
134 147 8
135 148 8
136 149 8
137 150 8
138 151 8
139 152 8
140 141 12
140 142 12
140 143 12
140 144 12
140 145 12
140 146 12
140 147 12
140 148 12
140 149 12
140 150 12
140 151 12
140 152 12
140 153 12
141 153 8
142 154 8
143 155 8
144 156 8
145 157 8
146 158 8
147 159 8
148 160 8
149 161 8
150 162 8
151 163 8
152 164 8
153 154 12
153 155 12
153 156 12
153 157 12
153 158 12
153 159 12
153 160 12
153 161 12
153 162 12
153 163 12
153 164 12
153 165 12
154 165 8
155 166 8
156 167 8
157 168 8
158 169 8
159 170 8
160 171 8
161 172 8
162 173 8
163 174 8
164 175 8
165 166 12
165 167 12
165 168 12
165 169 12
165 170 12
165 171 12
165 172 12
165 173 12
165 174 12
165 175 12
165 176 12
166 176 8
167 177 8
168 178 8
169 179 8
170 180 8
171 181 8
172 182 8
173 183 8
174 184 8
175 185 8
176 177 12
176 178 12
176 179 12
176 180 12
176 181 12
176 182 12
176 183 12
176 184 12
176 185 12
176 186 12
177 186 8
178 187 8
179 188 8
180 189 8
181 190 8
182 191 8
183 192 8
184 193 8
185 194 8
186 187 12
186 188 12
186 189 12
186 190 12
186 191 12
186 192 12
186 193 12
186 194 12
186 195 12
187 195 8
188 196 8
189 197 8
190 198 8
191 199 8
192 200 8
193 201 8
194 202 8
195 196 12
195 197 12
195 198 12
195 199 12
195 200 12
195 201 12
195 202 12
195 203 12
196 203 8
197 204 8
198 205 8
199 206 8
200 207 8
201 208 8
202 209 8
203 204 12
203 205 12
203 206 12
203 207 12
203 208 12
203 209 12
203 210 12
204 210 8
205 211 8
206 212 8
207 213 8
208 214 8
209 215 8
210 211 12
210 212 12
210 213 12
210 214 12
210 215 12
210 216 12
211 216 8
212 217 8
213 218 8
214 219 8
215 220 8
216 217 12
216 218 12
216 219 12
216 220 12
216 221 12
217 221 8
218 222 8
219 223 8
220 224 8
221 222 12
221 223 12
221 224 12
221 225 12
222 225 8
223 226 8
224 227 8
225 226 12
225 227 12
225 228 12
226 228 8
227 229 8
228 229 12
