14
7
7
7
7
7
7
7
7
12
6
6
6
6
6
6
6
10
5
5
5
5
5
5
8
4
4
4
4
4
6
3
3
3
3
4
2
2
2
2
1
1
1
1
77
0 1 12
0 2 12
0 3 12
0 4 12
0 5 12
0 6 12
0 7 12
0 8 12
1 9 8
2 10 8
3 11 8
4 12 8
5 13 8
6 14 8
7 15 8
8 16 8
9 10 12
9 11 12
9 12 12
9 13 12
9 14 12
9 15 12
9 16 12
9 17 12
10 17 8
11 18 8
12 19 8
13 20 8
14 21 8
15 22 8
16 23 8
17 18 12
17 19 12
17 20 12
17 21 12
17 22 12
17 23 12
17 24 12
18 24 8
19 25 8
20 26 8
21 27 8
22 28 8
23 29 8
24 25 12
24 26 12
24 27 12
24 28 12
24 29 12
24 30 12
25 30 8
26 31 8
27 32 8
28 33 8
29 34 8
30 31 12
30 32 12
30 33 12
30 34 12
30 35 12
31 35 8
32 36 8
33 37 8
34 38 8
35 36 12
35 37 12
35 38 12
35 39 12
36 39 8
37 40 8
38 41 8
39 40 12
39 41 12
39 42 12
40 42 8
41 43 8
42 43 12
