60
60
60
60
60
60
60
60
60
60
60
60
60
60
60
60
60
60
60
60
60
60
60
60
60
60
60
60
60
60
60
60
60
60
60
60
60
60
60
60
60
60
60
60
60
60
60
60
60
60
60
60
60
60
60
60
60
60
60
60
60
60
60
60
60
60
60
60
60
60
60
60
60
60
60
60
60
60
60
60
60
60
60
60
60
60
60
60
60
60
60
60
60
60
60
60
60
60
60
60
60
60
60
60
60
60
60
60
60
60
60
60
60
60
60
60
60
60
60
60
60
60
60
60
60
60
60
60
60
60
60
60
60
60
60
60
60
60
60
60
60
60
60
60
60
60
60
60
60
60
60
60
60
60
60
60
60
60
60
60
60
60
60
60
60
60
60
60
60
60
60
60
60
60
60
60
60
60
60
60
60
60
60
60
60
60
60
60
60
60
60
60
60
60
60
60
60
60
60
60
60
60
60
60
60
60
60
60
60
60
60
60
60
60
60
60
60
60
60
60
60
60
60
382
0 1 80
0 2 80
1 3 80
1 4 80
2 5 80
2 6 80
3 7 80
3 8 80
4 9 80
4 10 80
5 11 80
5 12 80
6 13 80
6 14 80
7 15 80
7 16 80
8 17 80
8 18 80
9 19 80
9 20 80
10 21 80
10 22 80
11 23 80
11 24 80
12 25 80
12 26 80
13 27 80
13 28 80
14 29 80
14 30 80
15 31 80
15 32 80
16 33 80
16 34 80
17 35 80
17 36 80
18 37 80
18 38 80
19 39 80
19 40 80
20 41 80
20 42 80
21 43 80
21 44 80
22 45 80
22 46 80
23 47 80
23 48 80
24 49 80
24 50 80
25 51 80
25 52 80
26 53 80
26 54 80
27 55 80
27 56 80
28 57 80
28 58 80
29 59 80
29 60 80
30 61 80
30 62 80
31 63 80
31 64 80
32 63 80
32 64 80
33 65 80
33 66 80
34 65 80
34 66 80
35 67 80
35 68 80
36 67 80
36 68 80
37 69 80
37 70 80
38 69 80
38 70 80
39 71 80
39 72 80
40 71 80
40 72 80
41 73 80
41 74 80
42 73 80
42 74 80
43 75 80
43 76 80
44 75 80
44 76 80
45 77 80
45 78 80
46 77 80
46 78 80
47 79 80
47 80 80
48 79 80
48 80 80
49 81 80
49 82 80
50 81 80
50 82 80
51 83 80
51 84 80
52 83 80
52 84 80
53 85 80
53 86 80
54 85 80
54 86 80
55 87 80
55 88 80
56 87 80
56 88 80
57 89 80
57 90 80
58 89 80
58 90 80
59 91 80
59 92 80
60 91 80
60 92 80
61 93 80
61 94 80
62 93 80
62 94 80
63 95 80
63 97 80
64 96 80
64 98 80
65 95 80
65 97 80
66 96 80
66 98 80
67 99 80
67 101 80
68 100 80
68 102 80
69 99 80
69 101 80
70 100 80
70 102 80
71 103 80
71 105 80
72 104 80
72 106 80
73 103 80
73 105 80
74 104 80
74 106 80
75 107 80
75 109 80
76 108 80
76 110 80
77 107 80
77 109 80
78 108 80
78 110 80
79 111 80
79 113 80
80 112 80
80 114 80
81 111 80
81 113 80
82 112 80
82 114 80
83 115 80
83 117 80
84 116 80
84 118 80
85 115 80
85 117 80
86 116 80
86 118 80
87 119 80
87 121 80
88 120 80
88 122 80
89 119 80
89 121 80
90 120 80
90 122 80
91 123 80
91 125 80
92 124 80
92 126 80
93 123 80
93 125 80
94 124 80
94 126 80
95 127 80
95 131 80
96 128 80
96 132 80
97 129 80
97 133 80
98 130 80
98 134 80
99 127 80
99 131 80
100 128 80
100 132 80
101 129 80
101 133 80
102 130 80
102 134 80
103 135 80
103 139 80
104 136 80
104 140 80
105 137 80
105 141 80
106 138 80
106 142 80
107 135 80
107 139 80
108 136 80
108 140 80
109 137 80
109 141 80
110 138 80
110 142 80
111 143 80
111 147 80
112 144 80
112 148 80
113 145 80
113 149 80
114 146 80
114 150 80
115 143 80
115 147 80
116 144 80
116 148 80
117 145 80
117 149 80
118 146 80
118 150 80
119 151 80
119 155 80
120 152 80
120 156 80
121 153 80
121 157 80
122 154 80
122 158 80
123 151 80
123 155 80
124 152 80
124 156 80
125 153 80
125 157 80
126 154 80
126 158 80
127 159 80
127 167 80
128 160 80
128 168 80
129 161 80
129 169 80
130 162 80
130 170 80
131 163 80
131 171 80
132 164 80
132 172 80
133 165 80
133 173 80
134 166 80
134 174 80
135 159 80
135 167 80
136 160 80
136 168 80
137 161 80
137 169 80
138 162 80
138 170 80
139 163 80
139 171 80
140 164 80
140 172 80
141 165 80
141 173 80
142 166 80
142 174 80
143 175 80
143 183 80
144 176 80
144 184 80
145 177 80
145 185 80
146 178 80
146 186 80
147 179 80
147 187 80
148 180 80
148 188 80
149 181 80
149 189 80
150 182 80
150 190 80
151 175 80
151 183 80
152 176 80
152 184 80
153 177 80
153 185 80
154 178 80
154 186 80
155 179 80
155 187 80
156 180 80
156 188 80
157 181 80
157 189 80
158 182 80
158 190 80
159 191 80
159 207 80
160 192 80
160 208 80
161 193 80
161 209 80
162 194 80
162 210 80
163 195 80
163 211 80
164 196 80
164 212 80
165 197 80
165 213 80
166 198 80
166 214 80
167 199 80
167 215 80
168 200 80
168 216 80
169 201 80
169 217 80
170 202 80
170 218 80
171 203 80
171 219 80
172 204 80
172 220 80
173 205 80
173 221 80
174 206 80
174 222 80
175 191 80
175 207 80
176 192 80
176 208 80
177 193 80
177 209 80
178 194 80
178 210 80
179 195 80
179 211 80
180 196 80
180 212 80
181 197 80
181 213 80
182 198 80
182 214 80
183 199 80
183 215 80
184 200 80
184 216 80
185 201 80
185 217 80
186 202 80
186 218 80
187 203 80
187 219 80
188 204 80
188 220 80
189 205 80
189 221 80
190 206 80
190 222 80
