60
60
60
60
60
60
60
60
60
60
60
60
60
60
60
60
60
60
60
60
60
60
60
60
60
60
60
60
60
60
60
60
60
60
60
60
60
60
60
62
0 1 80
0 2 80
1 3 80
1 4 80
2 5 80
2 6 80
3 7 80
3 8 80
4 9 80
4 10 80
5 11 80
5 12 80
6 13 80
6 14 80
7 15 80
7 16 80
8 15 80
8 16 80
9 17 80
9 18 80
10 17 80
10 18 80
11 19 80
11 20 80
12 19 80
12 20 80
13 21 80
13 22 80
14 21 80
14 22 80
15 23 80
15 25 80
16 24 80
16 26 80
17 23 80
17 25 80
18 24 80
18 26 80
19 27 80
19 29 80
20 28 80
20 30 80
21 27 80
21 29 80
22 28 80
22 30 80
23 31 80
23 35 80
24 32 80
24 36 80
25 33 80
25 37 80
26 34 80
26 38 80
27 31 80
27 35 80
28 32 80
28 36 80
29 33 80
29 37 80
30 34 80
30 38 80
