60
60
60
60
60
60
60
60
60
60
60
60
60
60
60
60
60
60
60
60
60
60
60
60
60
60
60
60
60
60
60
60
60
60
60
60
60
60
60
60
60
60
60
60
60
60
60
60
60
60
60
60
60
60
60
60
60
60
60
60
60
60
60
60
60
60
60
60
60
60
60
60
60
60
60
60
60
60
60
60
60
60
60
60
60
60
60
60
60
60
60
60
60
60
60
158
0 1 80
0 2 80
1 3 80
1 4 80
2 5 80
2 6 80
3 7 80
3 8 80
4 9 80
4 10 80
5 11 80
5 12 80
6 13 80
6 14 80
7 15 80
7 16 80
8 17 80
8 18 80
9 19 80
9 20 80
10 21 80
10 22 80
11 23 80
11 24 80
12 25 80
12 26 80
13 27 80
13 28 80
14 29 80
14 30 80
15 31 80
15 32 80
16 31 80
16 32 80
17 33 80
17 34 80
18 33 80
18 34 80
19 35 80
19 36 80
20 35 80
20 36 80
21 37 80
21 38 80
22 37 80
22 38 80
23 39 80
23 40 80
24 39 80
24 40 80
25 41 80
25 42 80
26 41 80
26 42 80
27 43 80
27 44 80
28 43 80
28 44 80
29 45 80
29 46 80
30 45 80
30 46 80
31 47 80
31 49 80
32 48 80
32 50 80
33 47 80
33 49 80
34 48 80
34 50 80
35 51 80
35 53 80
36 52 80
36 54 80
37 51 80
37 53 80
38 52 80
38 54 80
39 55 80
39 57 80
40 56 80
40 58 80
41 55 80
41 57 80
42 56 80
42 58 80
43 59 80
43 61 80
44 60 80
44 62 80
45 59 80
45 61 80
46 60 80
46 62 80
47 63 80
47 67 80
48 64 80
48 68 80
49 65 80
49 69 80
50 66 80
50 70 80
51 63 80
51 67 80
52 64 80
52 68 80
53 65 80
53 69 80
54 66 80
54 70 80
55 71 80
55 75 80
56 72 80
56 76 80
57 73 80
57 77 80
58 74 80
58 78 80
59 71 80
59 75 80
60 72 80
60 76 80
61 73 80
61 77 80
62 74 80
62 78 80
63 79 80
63 87 80
64 80 80
64 88 80
65 81 80
65 89 80
66 82 80
66 90 80
67 83 80
67 91 80
68 84 80
68 92 80
69 85 80
69 93 80
70 86 80
70 94 80
71 79 80
71 87 80
72 80 80
72 88 80
73 81 80
73 89 80
74 82 80
74 90 80
75 83 80
75 91 80
76 84 80
76 92 80
77 85 80
77 93 80
78 86 80
78 94 80
