80
90
90
90
100
90
90
100
100
90
90
100
100
100
90
90
100
100
100
100
90
90
100
100
100
100
100
90
80
100
100
100
100
100
100
80
90
100
100
100
100
100
90
90
100
100
100
100
90
90
100
100
100
90
90
100
100
90
90
100
90
90
90
80
112
0 1 40
0 2 40
1 3 40
1 4 40
2 4 40
2 5 40
3 6 40
3 7 40
4 7 40
4 8 40
5 8 40
5 9 40
6 10 40
6 11 40
7 11 40
7 12 40
8 12 40
8 13 40
9 13 40
9 14 40
10 15 40
10 16 40
11 16 40
11 17 40
12 17 40
12 18 40
13 18 40
13 19 40
14 19 40
14 20 40
15 21 40
15 22 40
16 22 40
16 23 40
17 23 40
17 24 40
18 24 40
18 25 40
19 25 40
19 26 40
20 26 40
20 27 40
21 28 40
21 29 40
22 29 40
22 30 40
23 30 40
23 31 40
24 31 40
24 32 40
25 32 40
25 33 40
26 33 40
26 34 40
27 34 40
27 35 40
28 36 40
35 42 40
29 36 40
29 37 40
30 37 40
30 38 40
31 38 40
31 39 40
32 39 40
32 40 40
33 40 40
33 41 40
34 41 40
34 42 40
36 43 40
42 48 40
37 43 40
37 44 40
38 44 40
38 45 40
39 45 40
39 46 40
40 46 40
40 47 40
41 47 40
41 48 40
43 49 40
48 53 40
44 49 40
44 50 40
45 50 40
45 51 40
46 51 40
46 52 40
47 52 40
47 53 40
49 54 40
53 57 40
50 54 40
50 55 40
51 55 40
51 56 40
52 56 40
52 57 40
54 58 40
57 60 40
55 58 40
55 59 40
56 59 40
56 60 40
58 61 40
60 62 40
59 61 40
59 62 40
61 63 40
62 63 40
