36
8
40
24
12
4
20
28
28
28
28
24
20
8
36
8
16
20
12
32
28
8
32
20
28
16
24
40
8
16
16
36
36
36
16
8
24
40
36
40
28
40
20
8
16
40
32
20
28
4
55
0 1 32
0 2 32
0 3 32
0 4 32
1 5 32
1 9 32
2 6 32
4 7 32
4 8 32
7 12 32
8 11 32
9 10 32
10 17 32
11 13 32
12 13 32
12 14 32
12 15 32
12 16 32
13 19 32
15 19 32
17 18 32
17 20 32
17 21 32
19 22 32
19 24 32
20 22 32
21 23 32
22 25 32
22 26 32
22 28 32
23 27 32
26 29 32
26 30 32
27 29 32
29 31 32
29 34 32
29 35 32
30 32 32
30 33 32
31 40 32
32 36 32
32 37 32
32 38 32
34 38 32
34 39 32
34 40 32
36 41 32
38 42 32
42 43 32
43 44 32
43 45 32
44 47 32
44 48 32
45 46 32
45 49 32
