175
144
112
50
63
36
18
125
90
96
160
128
24
4
81
225
225
48
25
50
96
16
72
25
48
90
64
28
50
75
72
0 14 200
0 16 200
0 19 200
0 22 200
0 25 200
0 26 200
1 12 128
1 14 128
1 16 128
1 19 128
1 22 128
1 23 128
1 24 128
1 25 128
2 13 128
2 14 128
2 15 128
2 16 128
2 17 128
2 23 128
2 27 128
2 28 128
3 11 200
3 14 200
3 15 200
3 26 200
4 15 72
4 17 72
4 19 72
5 10 32
5 15 32
5 19 32
5 20 32
5 23 32
6 9 72
6 12 72
6 15 72
6 16 72
6 17 72
6 25 72
7 12 200
7 13 200
7 15 200
7 16 200
7 21 200
7 23 200
8 9 72
8 13 72
8 14 72
8 17 72
8 18 72
8 21 72
9 27 128
10 19 128
10 22 128
10 28 128
11 18 128
11 19 128
13 18 32
14 22 72
15 23 200
16 22 200
16 25 200
16 27 200
17 21 128
17 24 128
17 25 128
17 26 128
18 28 200
23 28 200
23 29 200
25 26 72
