32
4
81
16
32
175
16
64
160
125
12
16
18
24
45
32
18
80
18
150
12
80
64
64
24
16
16
80
8
28
32
32
28
36
81
45
36
75
36
54
86
0 5 128
0 14 128
0 15 128
0 18 128
0 20 128
0 21 128
0 24 128
0 27 128
1 6 32
1 8 32
1 9 32
1 11 32
1 14 32
1 15 32
1 17 32
1 19 32
1 21 32
1 24 32
2 10 72
2 15 72
2 17 72
2 23 72
2 28 72
3 5 32
3 7 32
3 9 32
3 10 32
3 11 32
3 12 32
3 13 32
3 16 32
3 17 32
3 19 32
3 21 32
3 28 32
4 5 128
4 7 128
4 8 128
4 9 128
4 10 128
4 12 128
4 13 128
4 17 128
4 19 128
4 21 128
4 28 128
6 19 128
7 24 128
7 31 128
8 17 128
9 18 200
10 31 32
11 27 128
13 18 32
14 24 72
14 25 72
14 33 72
14 34 72
15 22 32
15 23 32
15 32 32
16 23 72
16 26 72
17 25 128
17 29 128
17 30 128
21 25 128
21 37 128
22 28 128
23 25 128
23 27 128
23 32 128
23 35 128
23 39 128
24 33 32
24 38 32
25 35 32
26 31 32
26 39 32
28 36 32
29 30 32
29 32 32
29 34 32
32 37 32
33 37 72
33 39 72
